NSDW01000011.1_Durio_zibethinus_cultivar_Musang_King_isolate_D1_scaffold_11__whole_genome_shotgun_sequence
33419 34791
61265 62869
119793 120792
128528 145649
152400 157889
238780 252342
263173 271082
351605 362294
365960 383348
433653 437952
447058 454035
455781 461508
558842 560775
582052 584456
615431 616430
714686 724489
734280 734911
774551 778030
795250 807653
853047 877160
906293 911128
930828 935991
998715 999675
1039435 1043077
1061410 1064234
1105355 1106265
1137996 1138105
1439004 1440003
2009917 2026488
2027182 2053272
2166152 2167057
2789064 2789285
3064966 3070818
3290490 3290592
3415023 3415535
3521420 3521500
3524220 3533919
3534349 3542762
3586530 3586875
3698052 3704555
4062588 4062727
4113578 4115289
4249762 4251962
4269785 4270984
4275852 4276332
4499902 4507633
4538474 4540881
4573365 4573833
4689146 4689203
4841290 4841391
4883730 4887854
4929854 4932187
4933703 4939493
4969706 4970191
4999286 4999377
5054176 5054765
5121862 5122366
5185587 5186534
5318783 5326077
5357348 5357653
5469962 5470110
5514614 5514862
5644916 5645408
5776638 5778116
5971062 5971160
5988272 5989413
6044102 6045867
6110280 6118420
6309044 6309525
6388681 6391086
6417997 6418921
6515692 6516131
6596601 6596706
6702891 6703068
6815134 6830424
6945050 6953136
7138636 7140738
7143946 7156782
7199553 7199745
7259706 7266606
7293162 7293475
7616111 7617613
7667023 7667126
7706231 7706344
7846293 7846346
7943697 7954718
7970899 7977766
7985395 8013460
8101805 8102565
8153294 8153474
8203257 8203666
8235223 8237415
8237855 8239309
8248201 8249166
8277102 8280213
8280562 8280682
8281161 8289652
8382778 8383797
8705883 8708838
8735172 8736171
8745678 8747292
9408357 9413598
9471551 9472552
9493063 9500002
9705188 9705880
9710392 9714981
9745299 9745417
9965833 9966094
9980988 9981987
10044554 10044739
10424614 10424744
10510168 10515572
10525374 10528595
10532009 10533158
10548839 10549838
10552731 10556207
10752976 10753135
10800586 10817913
10818563 10819307
10988779 10988900
11100333 11102635
11247929 11256924
11278116 11279868
11494360 11494705
11575506 11575627
11637533 11637654
11752877 11753078
11771672 11771735
11818209 11818633
12091989 12094433
12246572 12258920
12425436 12425763
12473960 12477357
12479584 12489685
12658211 12658380
12708610 12755641
13083428 13097237
13120554 13167169
13168232 13171684
13690242 13693563
14197285 14197675
14776167 14777952
14778436 14788585
14806910 14820312
14834027 14848638
14864173 14879713
14897572 14920264
14920609 14968711
15029159 15055876
15056040 15062042
15076037 15077036
15080980 15104594
15128102 15132001
15161110 15163440
15721764 15721883
17681090 17681159
17824321 17851835
17892461 17925987
17937244 17944755
18104148 18108266
18503995 18504127
18507195 18507299
18573437 18573577
18817415 18828430
18887081 18888080
18915105 18916104
18970240 18970716
19096091 19099019
19151318 19152103
19156792 19158702
19174083 19180227
19215914 19261207
19272902 19273060
19279400 19280399
19364335 19367024
19461161 19462160
19480165 19500744
19915190 19929187
20113047 20113438
20284404 20284637
20394044 20394287
20400279 20407476
20443002 20445267
20490175 20492372
20605750 20607249
20640811 20647449
20674753 20677004
20678490 20696588
20730975 20732910
20808689 20810661
20905739 20914976
20927683 20959363
20964675 20971473
20973823 20975561
20993082 20996401
20997222 21006042
21012497 21035315
21074554 21080894
21088954 21089073
21113268 21136289
21266088 21268356
21550517 21550652
21666711 21675559
22416309 22416768
22438085 22438603
22493486 22493581
22535681 22538366
22666284 22667251
22681476 22682353
22783264 22797261
22797733 22797864
22855398 22855522
22939955 22945469
22960334 22960455
23105144 23136446
23140681 23141326
23348429 23356664
23476155 23524713
23524851 23542109
23694538 23695537
23763535 23772885
