NSDW01000011.1_Durio_zibethinus_cultivar_Musang_King_isolate_D1_scaffold_11__whole_genome_shotgun_sequence
33419 34791
61265 62869
119793 120792
127759 128567
132539 145648
152400 153772
154355 157889
238780 244836
247266 252342
263173 271082
351605 362308
365960 383348
433653 437952
447058 454035
455781 461508
558842 560775
582052 584456
615431 616430
714686 724489
734280 734911
774551 778030
795250 807653
853047 877160
906293 911128
930828 935991
998715 999675
1039435 1043077
1061410 1064234
1105355 1106265
1137996 1138105
1439004 1440003
1980394 1980475
2009917 2026488
2027182 2053272
2126237 2126312
2166152 2167057
2789064 2789285
3064966 3070818
3415023 3415535
3456601 3457005
3521420 3521500
3524220 3529011
3529254 3529416
3529594 3533919
3534349 3542762
3586530 3586875
3698051 3704555
4062588 4062727
4113578 4115289
4249762 4251962
4269785 4270984
4275852 4276332
4499902 4507633
4538474 4540881
4573365 4573833
4689143 4689200
4841276 4841377
4865673 4865730
4883730 4887854
4909871 4910164
4929854 4932187
4933712 4939493
4969706 4970191
4999286 4999377
5054176 5054765
5121862 5122366
5185587 5185711
5318783 5324572
5469962 5470110
5514614 5514862
5644866 5645408
5740054 5740156
5777688 5778116
5831308 5831494
5971062 5971160
5988272 5989413
6044102 6045867
6110280 6118420
6309044 6309525
6388681 6391086
6417997 6418921
6515692 6516131
6596601 6596706
6702892 6703068
6815134 6827350
6945050 6953131
7138646 7156787
7199552 7199745
7259706 7266606
7293162 7293482
7616111 7617613
7706231 7706344
7846293 7846346
7943697 7954718
7970899 7977766
7985408 8013467
8101805 8102564
8153294 8153474
8203257 8203666
8220848 8221991
8235223 8237415
8237856 8239260
8248205 8249166
8277102 8289652
8349586 8349977
8382778 8383797
8705883 8708838
8735172 8736171
8745678 8747292
8758059 8758190
9408357 9413598
9471551 9472552
9493063 9500002
9705188 9705880
9710392 9714981
9745299 9745417
9965833 9966094
9980988 9981987
10044554 10044739
10424615 10424752
10510168 10515572
10525374 10528595
10532009 10533158
10548839 10549838
10552731 10556207
10752976 10753135
10800580 10817913
10818563 10818760
10988779 10988900
11100333 11102635
11247929 11256924
11278116 11279868
11494360 11494705
11575506 11575627
11637533 11637654
11752877 11753078
11771672 11771735
11818209 11818633
12091989 12094433
12246572 12258920
12425436 12425763
12473960 12477357
12479584 12489685
12658211 12658380
12698101 12745136
13083428 13097237
13120533 13167169
13168232 13171684
13690242 13693563
14197285 14197675
14776167 14777952
14778436 14788585
14806910 14820312
14834027 14848638
14864173 14867830
14869312 14878140
14878696 14879713
14897572 14916961
14917752 14920264
14920609 14968711
15029159 15033682
15035261 15062042
15076037 15077036
15080980 15092204
15092314 15104594
15128102 15132001
15161110 15163440
15246790 15247000
15721639 15721758
17681090 17681159
17824321 17851835
17892461 17925987
17937244 17944762
18104120 18108266
18478417 18478562
18503995 18504127
18507195 18507299
18573437 18573577
18817415 18828162
18887081 18888080
18915105 18916104
18970240 18970716
19096091 19099019
19151318 19158702
19174083 19180276
19215914 19261224
19272902 19273060
19279400 19280399
19364335 19367024
19461161 19462160
19480165 19500744
19915190 19916189
19919630 19929187
20113047 20113438
20284404 20284637
20394044 20394287
20400279 20407476
20443002 20445267
20490175 20490554
20605750 20607250
20640811 20647449
20674752 20677004
20678467 20685920
20730975 20732910
20808689 20810661
20905739 20907702
20927684 20959363
20964680 20967194
20974217 20975561
20993082 20996401
20997222 21006042
21012497 21035315
21074554 21075555
21113268 21136289
21148082 21148219
21266088 21268356
21495366 21495947
21550517 21550652
21666711 21675559
22416309 22416768
22438085 22438607
22493486 22493581
22535681 22538366
22657766 22658204
22666275 22667242
22681476 22682353
22783264 22797261
22797733 22797864
22855398 22855522
22939955 22945471
22960334 22960455
23105144 23133863
23140681 23141326
23348429 23350533
23476155 23524713
23524851 23542109
23694538 23695537
23763535 23772885
